0.0006915	0.000601
0.0005695	0.0004955
0.0004615	0.0004015
0.0003745	0.000326
0.0003125	0.0002715
0.0002735	0.000238
0.000255	0.000222
0.0002485	0.000216
0.000246	0.000214
0.0002435	0.0002115
0.0002405	0.0002095
0.0002385	0.000207
0.000239	0.0002075
0.0002445	0.0002125
0.0002575	0.000224
0.000278	0.0002415
0.000306	0.000266
0.0003405	0.000296
0.000379	0.0003295
0.000418	0.0003635
0.000452	0.000393
0.0004805	0.000418
0.0005035	0.0004375
0.000522	0.000454
0.000538	0.000468
0.000553	0.0004805
0.000567	0.000492
0.0005785	0.0005045
0.0005935	0.0005185
0.000614	0.0005355
0.0006435	0.000555
0.000682	0.000577
0.0007295	0.000602
0.0007755	0.0006285
0.0008245	0.000657
0.0008785	0.0006885
0.000938	0.0007245
0.0010065	0.000768
0.0010855	0.0008195
0.001175	0.000879
0.0012715	0.000945
0.001371	0.001015
0.001472	0.0010875
0.001573	0.0011615
0.001679	0.00124
0.001797	0.001328
0.0019345	0.00143
0.002097	0.0015345
0.0022845	0.0016805
0.0024945	0.0018485
0.0027215	0.0020295
0.0029605	0.002214
0.0032135	0.0023995
0.00349	0.0025965
0.003807	0.002819
0.0041905	0.003078
0.0046605	0.003407
0.0052315	0.0038275
0.005908	0.0043425
0.006681	0.0049275
0.0075405	0.0056305
0.0084775	0.006324
0.009491	0.007038
0.0105925	0.0078325
0.0118005	0.008716
0.013141	0.0096995
0.0146405	0.0108185
0.016323	0.0120715
0.0182095	0.013468
0.0203185	0.015025
0.022671	0.0167605
0.0252905	0.0186945
0.0281995	0.020849
0.031425	0.0232485
0.0349955	0.025882
0.0389455	0.0288205
0.0433125	0.032034
0.048144	0.035598
0.0534915	0.039549
0.0594125	0.0439275
0.0659805	0.0487765
0.0732385	0.054143
0.0812825	0.060078
0.0901555	0.066637
0.099952	0.0738775
0.1107575	0.081864
0.1226615	0.090663
0.1357605	0.1003445
0.150153	0.1109825
0.165943	0.1226535
0.1832355	0.135435
0.2021375	0.1494055
0.222753	0.164644
0.245185	0.1812235
0.2695255	0.1992145
0.2958595	0.218679
0.3242545	0.081618222
0.354757	0.082806468
0.387388	0.083994715
0.4221335	0.085182961
0.4589395	0.086371207
0.4977025	0.087559454
0.538264	0.0887477
0.580404	0.089935947
0.623833	0.091124193
1	0.09231244
